{
    "mapping": [
        "Am",
        "Bb",
        "Em",
        "G",
        "F",
        "Dm",
        "C"
    ],
    "labels": [
        0,
        0,
        0,
        0,
        0,
        0,
        0,
        0,
        1,
        1,
        1,
        1,
        1,
        1,
        1,
        1,
        2,
        2,
        2,
        2,
        2,
        2,
        2,
        2,
        3,
        3,
        3,
        3,
        3,
        3,
        3,
        3,
        4,
        4,
        4,
        4,
        4,
        4,
        4,
        4,
        5,
        5,
        5,
        5,
        5,
        5,
        5,
        5,
        6,
        6,
        6,
        6,
        6,
        6,
        6,
        6,
        6
    ],
    "pitch": [
        [
            0.0020863070100635367,
            0.0004656195702260435,
            0.00038046821143143125,
            0.0009170375098097724,
            0.07476585187300934,
            0.0005476381445563139,
            0.0004161396509865785,
            0.000614172330369008,
            0.010187640998220157,
            0.8627710836664612,
            0.01576844700318867,
            0.03107959403167801
        ],
        [
            0.14023577133272,
            0.0016855097815778018,
            0.00102629838992154,
            0.0013739340485871177,
            0.12189627456739643,
            0.000898800138202394,
            0.0005922960147106127,
            0.001491827671193794,
            0.028165793610391687,
            0.6287527808668738,
            0.033806885692472186,
            0.04007382788595264
        ],
        [
            0.27544000652683776,
            0.0017376068718663836,
            0.001002902508859078,
            0.001359943651499344,
            0.4273830076114422,
            0.0011612060792098964,
            0.00047900283392339114,
            0.0010141456368322384,
            0.005097458115670264,
            0.23304699653152292,
            0.021658915044840486,
            0.030618808587496004
        ],
        [
            0.12931510399807264,
            0.00043930055767705774,
            0.00028343313475439556,
            0.0011657382251738443,
            0.7274055373497961,
            0.0005067366835113721,
            0.0004741864260872239,
            0.020210042162319006,
            0.005390702345261499,
            0.06547544126044806,
            0.003053915172882495,
            0.04627986268401643
        ],
        [
            0.07118253290060687,
            0.0020713998869504994,
            0.0011497469569368333,
            0.0015809307454767389,
            0.29558577747189624,
            0.0024037719886045145,
            0.0040177379378628685,
            0.0548894001697054,
            0.052254450537856226,
            0.3157026946985817,
            0.012652762392046293,
            0.18650879431347564
        ],
        [
            0.2829018833482341,
            0.005346219468479823,
            0.0018210157495676005,
            0.0010775419903409575,
            0.3598987557438965,
            0.0007967931908567148,
            0.0005834071943882767,
            0.019902940753589365,
            0.0063513330444241005,
            0.25775900985165484,
            0.0065817820884675644,
            0.05697931757610021
        ],
        [
            0.2113948778780042,
            0.0005741933383651617,
            0.0010396420625720076,
            0.0005714160132056293,
            0.36390004799865405,
            0.000724716211084113,
            0.0005454068501538991,
            0.015543160523158241,
            0.013136571021442833,
            0.2445346187429698,
            0.005605271452033658,
            0.14243007790835643
        ],
        [
            0.07565233854402037,
            0.0007792571629025931,
            0.0006103025241730972,
            0.0009117936976675004,
            0.05304152551001945,
            0.0005712935871714338,
            0.0007550593608174905,
            0.001233335729053523,
            0.010097621683811456,
            0.8119991279148916,
            0.025649114986635423,
            0.018699229298836162
        ],
        [
            0.0008517229809857223,
            0.024671849466442384,
            0.00038999343966593706,
            0.0002656512279695163,
            0.06715507480810308,
            0.0007314084425631705,
            0.00038979583244913763,
            0.0031785925139313806,
            0.03599902668869455,
            0.8588945202682707,
            0.006229296337206532,
            0.0012430679937179584
        ],
        [
            0.0005414299359585127,
            0.07437980405186924,
            0.002665064798507869,
            0.010380903710115758,
            0.0284218590545278,
            0.0036316682362179955,
            0.022253047943257557,
            0.02977480034129134,
            0.034231687132683236,
            0.7463854730500504,
            0.023524935521635985,
            0.02380932622388419
        ],
        [
            0.0009009978288342378,
            0.03720838174469839,
            0.0017080048222626633,
            0.03354387618566186,
            0.03252737636969241,
            0.0011425492817143236,
            0.0061609738895068225,
            0.012734761510518156,
            0.04055624539936639,
            0.8062765373631904,
            0.014202678949975947,
            0.013037616654578333
        ],
        [
            0.00026334828692841175,
            0.06918100222698251,
            0.0013189256281456398,
            0.03578201901085556,
            0.007391958905882884,
            0.0007089928617635509,
            0.0067254619920773615,
            0.01509804030961067,
            0.03081809202957172,
            0.814349440785586,
            0.015819696097056964,
            0.0025430218655387135
        ],
        [
            0.002364411112622627,
            0.02478737963327244,
            0.001457466650037301,
            0.000920144536637552,
            0.16602134441502356,
            0.0024685576841357365,
            0.0010096006903591677,
            0.003623370450827787,
            0.035789030131638436,
            0.7391264648139009,
            0.005564514179944658,
            0.016867715701600013
        ],
        [
            0.0008508259896044619,
            0.009913558087152085,
            0.0005105173448837432,
            0.0007103773616945788,
            0.219606892529114,
            0.0013748794481052372,
            0.0005995621497366029,
            0.003633963899673354,
            0.09098529468639564,
            0.6352110014574414,
            0.005511417481641836,
            0.031091709564557167
        ],
        [
            0.002884687401531068,
            0.05318696085063847,
            0.0020377152972360785,
            0.013670586481007451,
            0.08554731876133378,
            0.0021481474744089873,
            0.0014824759299317753,
            0.006427018259867881,
            0.05266548748004882,
            0.7649928444645345,
            0.007904228659878101,
            0.007052528939583151
        ],
        [
            0.0007716129128638083,
            0.06136413131648081,
            0.0013315977357895945,
            0.020937749947689727,
            0.03136955781781812,
            0.0009345241166468551,
            0.009259691960261914,
            0.02693315466665757,
            0.0968255698985436,
            0.698039405827182,
            0.017798640637029794,
            0.03443436316303626
        ],
        [
            0.0314788026549986,
            0.0021529363091553943,
            0.29542610715491174,
            0.0008742782138877818,
            0.007873966726120707,
            0.10624289212310833,
            0.008110149757160798,
            0.005070465908175928,
            0.009306854999193283,
            0.5325000099286944,
            0.000595610856999108,
            0.0003679253675939667
        ],
        [
            0.0003955316647309325,
            0.00038198658363476076,
            0.09154846811661156,
            0.00038414541742647426,
            0.006806673004068667,
            0.06727998938049977,
            0.002334593841908347,
            0.02166812723503431,
            0.030237074592147004,
            0.775134580755965,
            0.003285623310312516,
            0.0005432060976605804
        ],
        [
            0.04186841581998357,
            0.007063653680730173,
            0.32469662208085104,
            0.0013256592933062728,
            0.021047524707817178,
            0.04235882823534674,
            0.01409895643148987,
            0.004984290156907388,
            0.015338586831245138,
            0.5244323895787936,
            0.0017218452441849306,
            0.0010632279393441163
        ],
        [
            0.0059059301687731216,
            0.003940143429279841,
            0.31969365972102487,
            0.001813713480728876,
            0.010252008020363995,
            0.13393540594966244,
            0.011367970762638029,
            0.009073961981766411,
            0.01661915984006638,
            0.48563868548926864,
            0.0010060995798905944,
            0.0007532615765368148
        ],
        [
            0.005742451222736357,
            0.0013523118618497347,
            0.5934088157450226,
            0.0006406682577422623,
            0.005051140938338078,
            0.04565597157987737,
            0.0037683547943063757,
            0.0013268029732689524,
            0.0018707524693670479,
            0.3401247948380597,
            0.0008119130169876778,
            0.00024602230244382165
        ],
        [
            0.002343184021370344,
            0.0033941904142907714,
            0.24187574242035387,
            0.002482634728960685,
            0.009742345899190437,
            0.14305111334522347,
            0.0047635048431552305,
            0.01675432635691199,
            0.026928316118058147,
            0.5455828171653727,
            0.0020186785235946944,
            0.0010631461635177042
        ],
        [
            0.0019058950025883966,
            0.0015688788353127102,
            0.11748517297571963,
            0.001089209813086025,
            0.020626558548298687,
            0.19243316206359493,
            0.008996421276336443,
            0.017234968352152956,
            0.03827932677050419,
            0.5978492071225419,
            0.001917043598709484,
            0.0006141556411547583
        ],
        [
            0.000761765427865269,
            0.000987562650138314,
            0.1136575039344665,
            0.001211411173653641,
            0.001911564887201662,
            0.2076737343555889,
            0.003426077922564775,
            0.018981877039093462,
            0.03346443187149972,
            0.6140026744651633,
            0.0029984024807793355,
            0.0009229937919851732
        ],
        [
            0.0007753173895308439,
            0.0004251494910837889,
            0.0006364978219347093,
            0.003804757602396586,
            0.5644598026862196,
            0.00636507081988856,
            0.020497437275213897,
            0.011875694228919917,
            0.27680568236688013,
            0.0013768129197157953,
            0.0015490520410684561,
            0.11142872535714775
        ],
        [
            0.0023207355143354865,
            0.0016944972223541202,
            0.0015795927723842066,
            0.004756174205982406,
            0.29943553354869745,
            0.01855669021502869,
            0.019365483443182334,
            0.006906603784288519,
            0.4157396507585253,
            0.0020229191155503824,
            0.0013422051828026996,
            0.2262799142368685
        ],
        [
            0.0016497823478006015,
            0.002381465792457144,
            0.007074089451764986,
            0.015102652588457052,
            0.1737225215011698,
            0.042695963890345266,
            0.04945917221111066,
            0.01163013254837044,
            0.35724312787572965,
            0.004615059772610396,
            0.0016540583260653806,
            0.33277197369411865
        ],
        [
            0.0009817286006320997,
            0.0006644338874516782,
            0.0011826740419584026,
            0.0039247570627497525,
            0.10162885324564598,
            0.011471313397227388,
            0.054585670203410666,
            0.003968701234291293,
            0.5856704492880297,
            0.009224271285850499,
            0.0011543956197632174,
            0.22554275213298947
        ],
        [
            0.003074650142095682,
            0.0018452413774331356,
            0.0009859936480276358,
            0.009664766477134231,
            0.22988928360366692,
            0.020387850772324086,
            0.08841559174848095,
            0.004522003554646357,
            0.29117316077647676,
            0.03222857750378341,
            0.003014766679358928,
            0.3147981137165718
        ],
        [
            0.0005824232194286691,
            0.00031002979261912064,
            0.0008121445743199815,
            0.004126544523921184,
            0.8846949492958546,
            0.009726241944893778,
            0.01758544434835891,
            0.007066743251447205,
            0.003155920857657517,
            0.0007368810672763559,
            0.0015782639838057956,
            0.06962441314041672
        ],
        [
            0.0007040134332760757,
            0.0003649589198293518,
            0.0014656085438035406,
            0.00810342746906604,
            0.6399323711155582,
            0.006506792068218664,
            0.030332668470655317,
            0.010686274832926572,
            0.21954422735917276,
            0.0009736718849912966,
            0.0016046361510996764,
            0.07978134975140251
        ],
        [
            0.0007509624746674908,
            0.000306923666395297,
            0.0010562222163966043,
            0.010793255221449131,
            0.4889168581353836,
            0.006927020569070381,
            0.03363188633511471,
            0.011735894950091218,
            0.3714720495436631,
            0.0013813667835163622,
            0.0005615810556554874,
            0.0724659790485966
        ],
        [
            0.0022305641829431736,
            0.403489653054682,
            0.0030240836595813118,
            0.01814514074599546,
            0.008147254326735711,
            0.24865141189438722,
            0.02528472405324649,
            0.0072677207631901,
            0.27782488128977756,
            0.003014843360047134,
            0.00112385322974694,
            0.0017958694396670366
        ],
        [
            0.0015314357856155657,
            0.4332528891637623,
            0.002047823061460955,
            0.010234930277623866,
            0.0065844542522683815,
            0.18647047173356746,
            0.0308726173891756,
            0.005501761010843076,
            0.3201822379901426,
            0.0016195030340284246,
            0.0007654896108962622,
            0.0009363866906153595
        ],
        [
            0.002270722083629909,
            0.38913663918339714,
            0.0022890283344576138,
            0.008764353738494605,
            0.005583284710158356,
            0.14369116070656515,
            0.030722257958850866,
            0.005654697544703601,
            0.4068038417683583,
            0.002640016951173589,
            0.00079982811037877,
            0.00164416890983232
        ],
        [
            0.0007542496817770555,
            0.1667731420048543,
            0.0014836616287346505,
            0.0016294981582381134,
            0.010954053826837782,
            0.40896322895896103,
            0.05977833704992022,
            0.002708426708015478,
            0.34454538850760147,
            0.0017788567053596653,
            0.0002742122028554895,
            0.00035694456684466625
        ],
        [
            0.0025855438858671032,
            0.006304102078016237,
            0.0031833021156360483,
            0.01689103172712412,
            0.032426476843044734,
            0.6047164029808814,
            0.01763116471769734,
            0.04289584439490965,
            0.2686142454671583,
            0.0030476490658877115,
            0.0007798022979436051,
            0.000924434425833788
        ],
        [
            0.012668908836304208,
            0.043407890879158244,
            0.003401348780158503,
            0.117196348467048,
            0.08806430130399252,
            0.4990165170270781,
            0.021584423402581404,
            0.04181162347143103,
            0.16602870334471734,
            0.002669503374856971,
            0.0014134129394552499,
            0.002737018173218232
        ],
        [
            0.011136061178895987,
            0.08230691387899261,
            0.004213589219599529,
            0.028436488534022655,
            0.04632321060133117,
            0.20582180564372562,
            0.00852583337357655,
            0.018682933385312243,
            0.5782712547970928,
            0.011999200115941874,
            0.0013285252024432335,
            0.0029541840690657218
        ],
        [
            0.006669409189335757,
            0.10478290239427383,
            0.0068119960059621065,
            0.008870630683908727,
            0.13612123208691337,
            0.20819302497660078,
            0.011496601412146947,
            0.04155331911337745,
            0.47033216030226765,
            0.00123292548443912,
            0.000884613971250643,
            0.0030511843795236137
        ],
        [
            0.04428529509686789,
            0.0017933778641850075,
            0.009869134049739294,
            0.02483890126623722,
            0.5239266698476195,
            0.008380047564477057,
            0.003726267758540269,
            0.2019438313541634,
            0.0009639247910272252,
            0.09868436412929761,
            0.0016919437155474345,
            0.07989624256229831
        ],
        [
            0.013676982825028874,
            0.008156434827943232,
            0.0072420200507979995,
            0.016213272936102505,
            0.483975263978082,
            0.004572291808620762,
            0.014131928780273032,
            0.056317225767795416,
            0.014388176048083063,
            0.2655835882871917,
            0.003828550996621932,
            0.11191426369345947
        ],
        [
            0.003018137407162362,
            0.0009153705216483214,
            0.00848598448252774,
            0.026660986152649845,
            0.4396462471509186,
            0.01270807137761463,
            0.1953012441988141,
            0.004063343445459024,
            0.0010820677788090727,
            0.2422158287751454,
            0.0010542774807624044,
            0.06484844122848848
        ],
        [
            0.0037188191471973506,
            0.004169274574849675,
            0.03117792524238306,
            0.05999324163546145,
            0.49477319362214967,
            0.015824282445797817,
            0.012002600591136081,
            0.006256782858198839,
            0.006647304739120086,
            0.3047515852452666,
            0.0021481829388609107,
            0.058536806959578386
        ],
        [
            0.0007437879677826549,
            0.0004805320752089047,
            0.001024088579148393,
            0.008246164113080115,
            0.806837799926871,
            0.028784204064765326,
            0.03781615667892092,
            0.0005432885190707597,
            0.000918888728451894,
            0.05635180586997953,
            0.0011552538029121174,
            0.05709802967380848
        ],
        [
            0.0030392771414187707,
            0.0007314932504125771,
            0.0013677880585061912,
            0.011476155656527823,
            0.8591958901686038,
            0.027770698382243986,
            0.0021965195434665292,
            0.0008286651443555175,
            0.0013614219265449907,
            0.07716345819479592,
            0.0006165707511906626,
            0.014252061781933396
        ],
        [
            0.002343069736376166,
            0.0007528779826372784,
            0.0011930704985710276,
            0.011100286899116837,
            0.8320267122529027,
            0.02168085284854168,
            0.005290672913776625,
            0.0014233955128733458,
            0.0016479252364991113,
            0.11274648741912759,
            0.0008239653736132451,
            0.008970683325964249
        ],
        [
            0.023077439865419363,
            0.0012365983100181288,
            0.00138782507584656,
            0.013638787917699268,
            0.5384046396420341,
            0.055834127799059365,
            0.002856111540589145,
            0.0027011423276008667,
            0.0022503129481329107,
            0.3538180848933899,
            0.0014489297252473885,
            0.0033459999549632314
        ],
        [
            0.001524009781583721,
            0.41704156331262815,
            0.0038875455578811077,
            0.013016591683038013,
            0.00878324928842968,
            0.00899309328250328,
            0.4563663262624355,
            0.0023814897614359955,
            0.0012382135528883093,
            0.000456964268570466,
            0.08567978600222569,
            0.0006311672463800074
        ],
        [
            0.0022279512694353596,
            0.3807939286706826,
            0.0051064682935356,
            0.03717197735007487,
            0.021487853110499586,
            0.01743809526992173,
            0.3625713759959444,
            0.0037443822326913624,
            0.0014233372006482751,
            0.0013837103396137566,
            0.1648989749970387,
            0.0017519452699137344
        ],
        [
            0.0020487415664708045,
            0.3381927594444368,
            0.009020438066586686,
            0.025518028899088843,
            0.01275717488083593,
            0.029851242027093754,
            0.22878902671597245,
            0.002055169187749995,
            0.002025252503625347,
            0.002531938417805524,
            0.3450650260401141,
            0.0021452022502198146
        ],
        [
            0.001987593547312962,
            0.4448936429604799,
            0.00707378817353502,
            0.026719298637868292,
            0.01537789051663028,
            0.014514655727054253,
            0.3622124199491287,
            0.0021923477249189195,
            0.0014546650780968803,
            0.0016469398639174615,
            0.12062523325648054,
            0.001301524564576684
        ],
        [
            0.05038761820401278,
            0.19234542590706047,
            0.015308746647774023,
            0.0016746869258878014,
            0.014018097008701429,
            0.020301429292931997,
            0.5370662626998254,
            0.002066150482738053,
            0.00930860472754427,
            0.0021835218634943783,
            0.14475700390205537,
            0.010582452337973943
        ],
        [
            0.0029366252169429267,
            0.11216748674261903,
            0.01533392852081618,
            0.008852422524682409,
            0.005217169559271696,
            0.28929459029363697,
            0.3340437523139223,
            0.0013464022123743694,
            0.004562808438653148,
            0.011918910914600976,
            0.21225953613343332,
            0.002066367129046652
        ],
        [
            0.0019291169561326672,
            0.11091527297295156,
            0.013480691821745027,
            0.0016494972122147022,
            0.006043813392468011,
            0.3018133892653952,
            0.280717391332738,
            0.00194448876894386,
            0.025027626772295346,
            0.0032213268697580764,
            0.2519104195113564,
            0.001346965124001092
        ],
        [
            0.0030226230512213435,
            0.21305831900253794,
            0.015790176603621642,
            0.0027584683544469206,
            0.002417805710502058,
            0.12463730752160626,
            0.26295477033823667,
            0.0008485393867420764,
            0.02599029589236949,
            0.0018604604018465627,
            0.3454700374788987,
            0.0011911962579703034
        ],
        [
            0.0006276225418547924,
            0.048484694894784415,
            0.005300338042136532,
            0.0014794632914693798,
            0.0026934628097773253,
            0.10365368526930123,
            0.19062725683204784,
            0.0006723090549190455,
            0.006279559706616446,
            0.000906650114180385,
            0.6386001487166997,
            0.0006748087262128383
        ]
    ],
    "order": [
        "Am_acousticguitar_Mari_2",
        "Am_acousticguitar_Mari_3",
        "Am_acousticguitar_Mari_44",
        "Am_acousticguitar_SalomC_4",
        "Am_acousticguitar_SalomC_1",
        "Am_acousticguitar_SalomC_3",
        "Am_acousticguitar_SalomC_2",
        "Am_acousticguitar_Mari_11",
        "Bb_acousticguitar_Mari_4",
        "Bb_acousticguitar_SalomC_Andrade_1",
        "Bb_acousticguitar_SalomC_Andrade_3",
        "Bb_acousticguitar_SalomC_Andrade_2",
        "Bb_acousticguitar_Mari_3",
        "Bb_acousticguitar_Mari_2",
        "Bb_acousticguitar_Mari_1",
        "Bb_acousticguitar_SalomC_Andrade_4",
        "Em_acousticguitar_SalomC_Andrade_2",
        "Em_acousticguitar_Mari_4",
        "Em_acousticguitar_SalomC_Andrade_3",
        "Em_acousticguitar_SalomC_Andrade_1",
        "Em_acousticguitar_SalomC_Andrade_4",
        "Em_acousticguitar_Mari_2",
        "Em_acousticguitar_Mari_3",
        "Em_acousticguitar_Mari_1",
        "G_acousticguitar_Mari_1 17",
        "G_acousticguitar_SalomC_Andrade_4",
        "G_acousticguitar_SalomC_Andrade_1",
        "G_acousticguitar_SalomC_Andrade_2",
        "G_acousticguitar_SalomC_Andrade_3",
        "G_acousticguitar_Mari_4",
        "G_acousticguitar_Mari_3",
        "G_acousticguitar_Mari_2",
        "F_acousticguitar_Mari_1",
        "F_acousticguitar_Mari_2",
        "F_acousticguitar_Mari_3",
        "F_acousticguitar_Mari_4",
        "F_acousticguitar_SalomC_Andrade_4",
        "F_acousticguitar_SalomC_Andrade_1",
        "F_acousticguitar_SalomC_Andrade_3",
        "F_acousticguitar_SalomC_Andrade_2",
        "Dm_acousticguitar_SalomC_Andrade_4",
        "Dm_acousticguitar_SalomC_Andrade_3",
        "Dm_acousticguitar_SalomC_Andrade_2",
        "Dm_acousticguitar_SalomC_Andrade_1",
        "Dm_acousticguitar_Mari_2",
        "Dm_acousticguitar_Mari_3",
        "Dm_acousticguitar_Mari_1",
        "Dm_acousticguitar_Mari_4",
        "C_acousticguitar_Mari_4",
        "C_acousticguitar_Mari_3",
        "C_acousticguitar_Mari_2",
        "C_acousticguitar_Mari_1",
        "c_maj",
        "C_acousticguitar_SalomC_Andrade_1",
        "C_acousticguitar_SalomC_Andrade_3",
        "C_acousticguitar_SalomC_Andrade_2",
        "C_acousticguitar_SalomC_Andrade_4"
    ]
}